0,0	Lineal	20.60742376873788	-0.0022663231776641757
0,1	Lineal	23.270475123196483	-0.020320337497317785
0,2	Exponencial	26.529701429694345	-0.02579831603424792	-136.47935947908869	197.04150390345654
0,3	Exponencial	41.283076524778025	-0.0017231887148689354	-8.475576268836857	58.16894734380051159.35225547388544
0,4	Lineal	31.588580124502762	-0.017207694243602842
0,5	Exponencial	32.53828607398316	0.0851919218074005	-13.166910922932137	53.58986038188867154.9612139302075
0,6	Exponencial	27.197476567392293	0.032944636997522786	6.304825047807533	63.06289831893335273.1192755548872
0,7	Exponencial	24.659186945361046	0.06309542239490254	9.387319811341857	76.28863189856166261.1511905476505
0,8	Lineal	25.99687596440261	0.13008893598373378
0,9	Exponencial	4.60687098419102	0.05809935737707467	23.24887336848542	81.10070940500333148.60398936747444
1,0	Exponencial	16.863003399615497	-0.014980020265184774	-24.23039952815334	38.9608331549181005.2818686852893
1,1	Exponencial	16.868024566993086	-0.016486286347670367	27.81450313070479	-267.7321797007233-79.97619198149167
1,2	Exponencial	22.74474074614771	-0.02079079018072448	21.478002034211013	73.90172611908397
1,3	Lineal	31.563100378131605	-0.021926579520044245
1,4	Exponencial	291.0253972712765	-0.012060228949109054	-126.59676299394921	88.7888224821854-310.5736085654163
1,5	Exponencial	38.89131892167153	0.08510209024562607	-8.248502136911629	87.46640183544865140.73551043172753
1,6	Lineal	28.66977687656044	0.1126731615006919
1,7	Exponencial	16.1639341198237	0.2228183892034985	-13.417970541287819	33.80547893377486305.9538234247585
1,8	Lineal	39.04119307780037	0.14642838341293396
1,9	Exponencial	-10.514022425494371	0.3709495395771478	-28.91554097035671	29.807660366556153287.61849912682976
2,0	Lineal	16.27056558614428	-0.02660027967857992
2,1	Exponencial	18.349441484813276	-0.029008994073567673	187.74286095626167	212.1633236721351
2,2	Exponencial	111.12098798514455	-0.029700392042488817	-43.557539553793994	0.13985590635917045-289.09865071707503
2,3	Exponencial	33.65225875862638	-0.02558420454262296	163.84311524981473	245.38011905644248
2,4	Exponencial	28.11134626876927	0.06800027431874113	-7.436205120748818	91.17038768858923274.43946664514203
2,5	Exponencial	36.93492089041409	0.003456861413657572	9.976035759745704	85.5329173190464216.0867397421288
2,6	Exponencial	17.40000863242845	0.21257157394374163	-13.708184533707419	59.29799885407696333.5320657667061
2,7	Lineal	34.874291054832554	0.16919503029258887
2,8	Exponencial	42.219347243642694	0.15580131765658	496.31614762103186	82.926449568022781215.2813369022972
2,9	Lineal	41.90940309831758	0.13057300420617848
3,0	Lineal	19.00140563420175	-0.042625001611434093
3,1	Exponencial	27.052757267655544	-0.022625638421827535	-4.969828274746055	118.03578908029576100.21903195079092
3,2	Lineal	30.145261271598475	-0.054174033562625706
3,3	Exponencial	-73.05661519484043	-0.05699537619497817	56.43176749541049	56.06697887858439-195.578275048627
3,4	Exponencial	41.23760108213118	-0.015596066723707863	178.34286282117236	45.43860015478096
3,5	Exponencial	34.11337026810619	0.06711198912578002	-182.65621490731948	108.42133441397276
3,6	Exponencial	-6.476902675311986	0.30191354698548606	-27.776505960305887	61.21927671700391311.27241422909765
3,7	Exponencial	37.39248281277031	0.1253751735396028	148.27846250346104	116.3943085453501
3,8	Exponencial	25.239990270396735	0.03152297496597798	19.744753895782207	116.89384344270259111.24941162349437
3,9	Exponencial	34.949319943767605	0.14582142258220807	-16.00691962445108	69.04950341714239350.80515433717267
4,0	Exponencial	20.87552390529595	-0.05451286712758549	437.8559988303393	159.04600708060187484.22410008204395
4,1	Exponencial	23.400933752759872	-0.06601467351469537	2.89533481516959	49.8847470787945290.72446396588316
4,2	Exponencial	33.26943197692986	-0.07289850822314217	142.79734077128597	97.33412282929594
4,3	Exponencial	33.27524496163476	0.03911177535750857	-16.383493923245023	20.123418481731523239.09027356940592
4,4	Exponencial	41.72484845649133	-0.07833106280981794	5.882561841164363	33.26661512486417440.89745052395627
4,5	Exponencial	37.74469152643304	0.09175153443845395	-15.045704503249171	45.526650008263516248.75022896463486
4,6	Lineal	54.061486475255414	-0.010068821719935743
4,7	Exponencial	39.666517004226044	-0.06718753817674994	15.23234395567604	61.2524045785318189.96650847670278
4,8	Exponencial	44.57454304132624	0.04914247679704849	-8.650801895958951	18.218546233289796275.24849158918323
4,9	Exponencial	41.08977754211062	0.03049346482121651	255.76158301808715	182.31635007226174
5,0	Exponencial	43.08236365499286	-0.0015574809992136424	-18.416991979027067	1.888105547766919759.877498968815566
5,1	Exponencial	22.326388691134724	0.00545006616399038	-10.286695811583993	0.04128673697453866155.9542689732545
5,2	Exponencial	19.084034380112726	0.005014750457654482	-6.98380887843084	17.757200787942722223.39693230474774
5,3	Exponencial	40.95769711538782	-0.12369508044570879	5.106738960096758	87.7203745498483735.35552522983757
5,4	Exponencial	39.5613634447294	-0.17122752321612222	14.705732444469245	99.622466110957512.259437129950303
5,5	Exponencial	23.188666317199356	0.1793008025961173	-25.15666534202261	55.892842468049736216.46653493198187
5,6	Exponencial	89.95986657576924	-0.10315530349703735	-19.061531337129114	99.98048728907757221.79084668271005
5,7	Lineal	68.92347340443558	-0.12109042419529475
5,8	Exponencial	55.97254094022446	-0.07221284025373868	143.142061474711	135.08901701955423
5,9	Exponencial	43.47940894715173	-0.08648312780139253	7.630705811346604	115.751150743030280.98168228966532
6,0	Exponencial	-95.95697388441076	-0.02280847704306352	53.58549138684081	105.56386863595067-306.0179271481348
6,1	Exponencial	15.53102094347991	-0.03398280607935791	-113.15705796307707	335.7910677229339
6,2	Exponencial	35.91482902155202	-0.10992046402288154	9.22651075503019	21.27512130781484300.7227552954046
6,3	Exponencial	58.88587416877274	-0.20619251805516317	20.108418201576853	79.26193376175455325.64457464896856
6,4	Exponencial	60.52688658411334	-0.16562378736599145	48.299255035756126	69.0668411752885
6,5	Lineal	75.20285878837912	-0.2059813598453692
6,6	Exponencial	63.60743441296764	0.019039838212240257	-25.267354106601253	52.44941512232566202.6733121448827
6,7	Exponencial	47.65134895079035	-0.1107719157070719	18.838149545500006	-23.582120731625793213.01011342369165
6,8	Exponencial	54.62608645786962	-0.1066476016137404	14.90735427693297	29.749667759406783357.6005170594823
6,9	Exponencial	55.09383414459091	-0.03336591347044352	-11.11884482223345	41.98357927536575239.0267970318399
7,0	Exponencial	7.720410296187909	-0.012940155552520732	-134.6736855209851	157.0012473840488
7,1	Exponencial	12.547606722728602	-0.028202132747935343	301.921034584559	279.0397215522201
7,2	Lineal	19.61528241055369	-0.05033534472917458
7,3	Exponencial	13.192953882035201	-0.012421422139369857	17.4055679578403	-16.970452881449674116.82275921912384
7,4	Exponencial	60.906423073446796	-0.07730696698780681	-17.35802395813997	83.74911720502887180.85698200752978
7,5	Exponencial	31.88866266007953	0.0689295137940576	-20.81807481475765	85.92614051459165194.87586990196868
7,6	Lineal	67.12382453715793	-0.18932536642377734
7,7	Exponencial	68.98271943836761	-0.21129920855504036	25.246943216157483	63.70173571131347380.8036281504034
7,8	Exponencial	6.240609622748173	0.04347097565590581	22.54077339333617	-5.759140971698384207.1044665586662
7,9	Exponencial	17.61975579882052	0.13501600366187655	-17.496888611112702	94.03854391614455234.79590142498643
8,0	Exponencial	7.161146751880917	-0.015441873016836635	278.698729317719	166.72297971351475
8,1	Exponencial	23.864827152274618	-0.025024391944707167	-6.533861270758217	125.6540919401263551.329535010799745
8,2	Exponencial	18.251794316360943	-0.049900762082963665	8.732013437937063	-5.77048211024329548.34005402435646
8,3	Exponencial	33.576476616069094	0.011412734956843112	-15.890024381449022	0.5639876716430481171.15852526016465
8,4	Exponencial	10.030283567488146	-0.013651030509970213	18.85686184542134	-8.833034520002855162.19287274853798
8,5	Exponencial	3.868166660529216	0.02603146315139457	23.324399206452366	-8.590485920514665172.89909863537903
8,6	Exponencial	52.88254650631822	-0.14675518394654574	247.7813012027706	75.5594110843534606.5156315525464
8,7	Exponencial	59.736588867765164	-0.14656142227501262	-72.03410535182473	132.55280139468343
8,8	Exponencial	26.446029520482274	0.14944332094935908	-22.20158386185273	76.68290126638315221.3662904594572
8,9	Exponencial	68.98024733127968	-0.08865265822161536	198.85628007853032	253.30382404499417
9,0	Lineal	6.236382331446511	-0.01406020140750619
9,1	Exponencial	-9.85132378868285	-0.02313684821509638	9.48707353347984	-112.78278529746716671.8712232197798
9,2	Exponencial	20.95068054822816	-0.07342459173328489	10.401452846623442	104.08184174841684337.6770414677519
9,3	Exponencial	23.6888206771784	-0.07238644952028081	-5.431360600525917	147.71427010827097
9,4	Exponencial	32.92987157206841	-0.10342342653503657	106.83344374129902	150.2127800146945
9,5	Lineal	40.85110528161557	-0.12439718320240988
9,6	Exponencial	45.2057746955939	-0.12300500407598841	-100.48766140696742	114.885982231113631052.080080010739
9,7	Exponencial	64.84887561031627	-0.1712128587855976	12.014942533429245	208.9724411685391346.48124870617477
9,8	Exponencial	72.28304550313493	-0.1356823036787753	-55.407353486246166	284.0451449943034
9,9	Exponencial	42.44151013155566	-0.1752652153384675	28.17791529343488	21.90076442044925391.7941837124718
